@RANGE 13
#i:
#j:
#aN:
#aE:
#aS:
#aW:
#ath:
#ameas:
#sig_ameas:
#end
0 0 -9.16784e-07 -5.99185e-07 -9.16784e-07 -5.99185e-07 -3.03194e-06 -3.04481e-06 1.76124e-08
0 1 -1.72376e-07 -1.65856e-07 9.16784e-07 -1.65856e-07 4.12696e-07 4.28413e-07 1.42375e-08
0 2 -6.39683e-08 -2.57308e-08 1.72376e-07 -2.57308e-08 5.69459e-08 5.58245e-08 1.75285e-09
0 3 -3.17748e-08 -7.48799e-09 6.39683e-08 -7.48799e-09 1.72175e-08 1.73389e-08 1.37809e-09
0 4 -1.81375e-08 -3.0035e-09 3.17748e-08 -3.0035e-09 7.63037e-09 7.77125e-09 1.93015e-09
0 5 -1.11603e-08 -1.42648e-09 1.81375e-08 -1.42648e-09 4.12425e-09 4.08649e-09 1.90753e-09
0 6 -7.17549e-09 -7.48294e-10 1.11603e-08 -7.48294e-10 2.48818e-09 3.04047e-09 1.3279e-09
0 7 -4.74139e-09 -4.18225e-10 7.17549e-09 -4.18225e-10 1.59765e-09 1.36641e-09 1.7981e-09
0 8 -3.18984e-09 -2.44037e-10 4.74139e-09 -2.44037e-10 1.06347e-09 1.9135e-09 -1
0 9 -2.17291e-09 -1.4686e-10 3.18984e-09 -1.4686e-10 7.23215e-10 1.93351e-09 -1
0 10 -1.49364e-09 -9.04468e-11 2.17291e-09 -9.04468e-11 4.98375e-10 6.63062e-10 -1
0 11 -1.03381e-09 -5.67151e-11 1.49364e-09 -5.67151e-11 3.464e-10 5.43579e-10 -1
0 12 -7.19453e-10 -3.60813e-11 1.03381e-09 -3.60813e-11 2.42193e-10 6.91715e-10 -1
1 0 -1.58271e-07 -1.53824e-07 -1.58271e-07 5.99185e-07 1.2882e-07 1.29285e-07 2.23742e-09
1 1 -1.0481e-07 -9.95633e-08 1.58271e-07 1.65856e-07 1.19754e-07 1.12647e-07 1.93738e-09
1 2 -5.14492e-08 -3.98916e-08 1.0481e-07 2.57308e-08 3.91997e-08 3.82505e-08 1.49056e-09
1 3 -2.81271e-08 -1.61519e-08 5.14492e-08 7.48799e-09 1.46582e-08 1.43178e-08 9.86074e-10
1 4 -1.67525e-08 -7.38528e-09 2.81271e-08 3.0035e-09 6.99284e-09 7.31523e-09 1.09848e-09
1 5 -1.05406e-08 -3.73567e-09 1.67525e-08 1.42648e-09 3.90272e-09 3.78513e-09 1.44424e-09
1 6 -6.867e-09 -2.02931e-09 1.05406e-08 7.48294e-10 2.39259e-09 2.42728e-09 9.30566e-10
1 7 -4.57629e-09 -1.15884e-09 6.867e-09 4.18225e-10 1.55009e-09 1.58905e-09 1.43709e-09
1 8 -3.09688e-09 -6.85941e-10 4.57629e-09 2.44037e-10 1.03751e-09 6.4454e-09 -1
1 9 -2.11859e-09 -4.16993e-10 3.09688e-09 1.4686e-10 7.08155e-10 3.07248e-10 -1
1 10 -1.46101e-09 -2.58746e-10 2.11859e-09 9.04468e-11 4.89285e-10 7.1305e-10 -1
1 11 -1.01378e-09 -1.63185e-10 1.46101e-09 5.67151e-11 3.40761e-10 1.39807e-09 -1
1 12 -7.06944e-10 -1.04291e-10 1.01378e-09 3.60813e-11 2.38627e-10 1.95709e-09 -1
2 0 -2.45036e-08 -6.10002e-08 -2.45036e-08 1.53824e-07 4.38163e-08 4.8461e-08 1.72716e-09
2 1 -3.98002e-08 -4.97616e-08 2.45036e-08 9.95633e-08 3.45051e-08 3.6107e-08 1.52447e-09
2 2 -3.04286e-08 -3.00794e-08 3.98002e-08 3.98916e-08 1.91839e-08 1.93676e-08 1.72447e-09
2 3 -2.03556e-08 -1.62502e-08 3.04286e-08 1.61519e-08 9.97459e-09 9.43783e-09 1.77314e-09
2 4 -1.34322e-08 -8.75347e-09 2.03556e-08 7.38528e-09 5.55517e-09 5.37013e-09 1.26472e-09
2 5 -8.95494e-09 -4.86477e-09 1.34322e-08 3.73567e-09 3.34817e-09 3.70585e-09 1.45555e-09
2 6 -6.04598e-09 -2.79902e-09 8.95494e-09 2.02931e-09 2.13926e-09 1.94968e-09 1.62021e-09
2 7 -4.12563e-09 -1.65939e-09 6.04598e-09 1.15884e-09 1.4198e-09 1.37935e-09 1.56897e-09
2 8 -2.83871e-09 -1.00794e-09 4.12563e-09 6.85941e-10 9.64917e-10 0 -1
2 9 -1.96588e-09 -6.2432e-10 2.83871e-09 4.16993e-10 6.65504e-10 0 -1
2 10 -1.36842e-09 -3.92895e-10 1.96588e-09 2.58746e-10 4.6331e-10 0 -1
2 11 -9.56541e-10 -2.50523e-10 1.36842e-09 1.63185e-10 3.24545e-10 0 -1
2 12 -6.70996e-10 -1.61516e-10 9.56541e-10 1.04291e-10 2.2832e-10 0 -1
3 0 -7.30276e-09 -3.09519e-08 -7.30276e-09 6.10002e-08 1.54428e-08 1.5406e-08 2.10663e-09
3 1 -1.5978e-08 -2.7525e-08 7.30276e-09 4.97616e-08 1.35614e-08 1.43149e-08 1.35707e-09
3 2 -1.62527e-08 -2.01047e-08 1.5978e-08 3.00794e-08 9.69998e-09 9.54486e-09 1.18541e-09
3 3 -1.31228e-08 -1.30593e-08 1.62527e-08 1.62502e-08 6.32084e-09 6.13205e-09 1.45547e-09
3 4 -9.7314e-09 -8.07168e-09 1.31228e-08 8.75347e-09 4.07319e-09 4.21535e-09 1.6759e-09
3 5 -6.9868e-09 -4.93122e-09 9.7314e-09 4.86477e-09 2.67816e-09 2.47317e-09 7.67496e-10
3 6 -4.95514e-09 -3.0275e-09 6.9868e-09 2.79902e-09 1.80317e-09 1.88706e-09 1.48992e-09
3 7 -3.49906e-09 -1.87862e-09 4.95514e-09 1.65939e-09 1.23685e-09 1.08045e-09 8.78082e-10
3 8 -2.4682e-09 -1.17954e-09 3.49906e-09 1.00794e-09 8.59266e-10 0 -1
3 9 -1.74159e-09 -7.48994e-10 2.4682e-09 6.2432e-10 6.01931e-10 0 -1
3 10 -1.23005e-09 -4.8049e-10 1.74159e-09 3.92895e-10 4.23946e-10 0 -1
3 11 -8.69835e-10 -3.1107e-10 1.23005e-09 2.50523e-10 2.9967e-10 0 -1
3 12 -6.15953e-10 -2.03036e-10 8.69835e-10 1.61516e-10 2.12362e-10 0 -1
4 0 -2.95804e-09 -1.78282e-08 -2.95804e-09 3.09519e-08 7.20761e-09 7.6535e-09 2.05572e-09
4 1 -7.31279e-09 -1.64983e-08 2.95804e-09 2.7525e-08 6.67189e-09 6.46481e-09 1.44849e-09
4 2 -8.72105e-09 -1.32869e-08 7.31279e-09 2.01047e-08 5.40953e-09 5.60733e-09 1.3789e-09
4 3 -8.07587e-09 -9.67026e-09 8.72105e-09 1.30593e-08 4.03423e-09 3.31872e-09 1.32576e-09
4 4 -6.63566e-09 -6.61682e-09 8.07587e-09 8.07168e-09 2.89507e-09 3.4693e-09 1.19354e-09
4 5 -5.12968e-09 -4.38385e-09 6.63566e-09 4.93122e-09 2.05334e-09 1.86477e-09 1.3924e-09
4 6 -3.83798e-09 -2.86364e-09 5.12968e-09 3.0275e-09 1.45557e-09 2.08735e-09 1.21916e-09
4 7 -2.81942e-09 -1.86273e-09 3.83798e-09 1.87862e-09 1.03445e-09 1.32118e-09 1.50006e-09
4 8 -2.0492e-09 -1.21272e-09 2.81942e-09 1.17954e-09 7.37041e-10 0 -1
4 9 -1.47993e-09 -7.92181e-10 2.0492e-09 7.48994e-10 5.26082e-10 0 -1
4 10 -1.06472e-09 -5.19782e-10 1.47993e-09 4.8049e-10 3.75927e-10 0 -1
4 11 -7.6426e-10 -3.42712e-10 1.06472e-09 3.1107e-10 2.68814e-10 0 -1
4 12 -5.47907e-10 -2.2708e-10 7.6426e-10 2.03036e-10 1.92309e-10 0 -1
5 0 -1.41145e-09 -1.102e-08 -1.41145e-09 1.78282e-08 3.98533e-09 3.21065e-09 1.91633e-09
5 1 -3.70546e-09 -1.04179e-08 1.41145e-09 1.64983e-08 3.78639e-09 4.39808e-09 1.42639e-09
5 2 -4.84213e-09 -8.87163e-09 3.70546e-09 1.32869e-08 3.27861e-09 3.67799e-09 1.40612e-09
5 3 -4.92333e-09 -6.94136e-09 4.84213e-09 9.67026e-09 2.64771e-09 3.11498e-09 1.25688e-09
5 4 -4.38649e-09 -5.10925e-09 4.92333e-09 6.61682e-09 2.04441e-09 1.9621e-09 1.16482e-09
5 5 -3.61984e-09 -3.61249e-09 4.38649e-09 4.38385e-09 1.53801e-09 2.21769e-09 1.50177e-09
5 6 -2.85123e-09 -2.49199e-09 3.61984e-09 2.86364e-09 1.14026e-09 9.24507e-10 1.12985e-09
5 7 -2.18092e-09 -1.69484e-09 2.85123e-09 1.86273e-09 8.38196e-10 1.05239e-09 1.26256e-09
5 8 -1.63675e-09 -1.14409e-09 2.18092e-09 1.21272e-09 6.12802e-10 0 -1
5 9 -1.2129e-09 -7.69729e-10 1.63675e-09 7.92181e-10 4.46304e-10 0 -1
5 10 -8.91113e-10 -5.17453e-10 1.2129e-09 5.19782e-10 3.24111e-10 0 -1
5 11 -6.50847e-10 -3.48124e-10 8.91113e-10 3.42712e-10 2.34854e-10 0 -1
5 12 -4.73434e-10 -2.34604e-10 6.50847e-10 2.2708e-10 1.69888e-10 0 -1
6 0 -7.42272e-10 -7.10335e-09 -7.42272e-10 1.102e-08 2.43208e-09 1.31596e-09 2.46829e-09
6 1 -2.01563e-09 -6.80156e-09 7.42272e-10 1.04179e-08 2.34301e-09 2.35531e-09 1.47396e-09
6 2 -2.78588e-09 -5.99669e-09 2.01563e-09 8.87163e-09 2.10469e-09 2.45242e-09 1.42968e-09
6 3 -3.01973e-09 -4.92371e-09 2.78588e-09 6.94136e-09 1.7838e-09 1.99268e-09 1.41897e-09
6 4 -2.86147e-09 -3.82063e-09 3.01973e-09 5.10925e-09 1.44688e-09 1.47928e-09 1.26639e-09
6 5 -2.49356e-09 -2.84288e-09 2.86147e-09 3.61249e-09 1.13751e-09 8.03313e-10 9.76853e-10
6 6 -2.05694e-09 -2.05356e-09 2.49356e-09 2.49199e-09 8.75062e-10 5.2413e-10 1.25967e-09
6 7 -1.63509e-09 -1.45374e-09 2.05694e-09 1.69484e-09 6.62954e-10 5.34534e-10 1.31605e-09
6 8 -1.26693e-09 -1.0155e-09 1.63509e-09 1.14409e-09 4.96746e-10 0 -1
6 9 -9.64142e-10 -7.03351e-10 1.26693e-09 7.69729e-10 3.69166e-10 0 -1
6 10 -7.24314e-10 -4.84637e-10 9.64142e-10 5.17453e-10 2.72644e-10 0 -1
6 11 -5.39075e-10 -3.32974e-10 7.24314e-10 3.48124e-10 2.00389e-10 0 -1
6 12 -3.98475e-10 -2.28475e-10 5.39075e-10 2.34604e-10 1.46729e-10 0 -1
7 0 -4.15473e-10 -4.7009e-09 -4.15473e-10 7.10335e-09 1.57151e-09 2.14022e-09 1.64339e-09
7 1 -1.15212e-09 -4.53869e-09 4.15473e-10 6.80156e-09 1.52622e-09 1.05086e-09 1.11333e-09
7 2 -1.65193e-09 -4.09537e-09 1.15212e-09 5.99669e-09 1.40152e-09 1.30049e-09 9.95676e-10
7 3 -1.87298e-09 -3.47769e-09 1.65193e-09 4.92371e-09 1.22496e-09 1.43952e-09 1.40229e-09
7 4 -1.8598e-09 -2.80597e-09 1.87298e-09 3.82063e-09 1.02785e-09 5.62317e-10 1.253e-09
7 5 -1.69425e-09 -2.17329e-09 1.8598e-09 2.84288e-09 8.35134e-10 9.53035e-10 1.53113e-09
7 6 -1.45468e-09 -1.6312e-09 1.69425e-09 2.05356e-09 6.6193e-10 5.43388e-10 1.43305e-09
7 7 -1.19768e-09 -1.19597e-09 1.45468e-09 1.45374e-09 5.14775e-10 7.01201e-10 1.11014e-09
7 8 -9.56654e-10 -8.61994e-10 1.19768e-09 1.0155e-09 3.94526e-10 0 -1
7 9 -7.47334e-10 -6.13717e-10 9.56654e-10 7.03351e-10 2.98954e-10 0 -1
7 10 -5.74243e-10 -4.33201e-10 7.47334e-10 4.84637e-10 2.24527e-10 0 -1
7 11 -4.35795e-10 -3.03975e-10 5.74243e-10 3.32974e-10 1.67447e-10 0 -1
7 12 -3.27628e-10 -2.12462e-10 4.35795e-10 2.28475e-10 1.2418e-10 0 -1
8 0 -2.42654e-10 -3.16564e-09 -2.42654e-10 4.7009e-09 1.04996e-09 0 -1
8 1 -6.82398e-10 -3.07405e-09 2.42654e-10 4.53869e-09 1.0249e-09 0 -1
8 2 -1.00363e-09 -2.81949e-09 6.82398e-10 4.09537e-09 9.54652e-10 0 -1
8 3 -1.17577e-09 -2.45363e-09 1.00363e-09 3.47769e-09 8.51911e-10 0 -1
8 4 -1.2102e-09 -2.03917e-09 1.17577e-09 2.80597e-09 7.32372e-10 0 -1
8 5 -1.1429e-09 -1.63041e-09 1.2102e-09 2.17329e-09 6.10185e-10 0 -1
8 6 -1.01536e-09 -1.26324e-09 1.1429e-09 1.6312e-09 4.95495e-10 0 -1
8 7 -8.62548e-10 -9.54693e-10 1.01536e-09 1.19597e-09 3.9409e-10 0 -1
8 8 -7.08608e-10 -7.07695e-10 8.62548e-10 8.61994e-10 3.08239e-10 0 -1
8 9 -5.67564e-10 -5.16896e-10 7.08608e-10 6.13717e-10 2.37865e-10 0 -1
8 10 -4.45851e-10 -3.73341e-10 5.67564e-10 4.33201e-10 1.81573e-10 0 -1
8 11 -3.45023e-10 -2.67415e-10 4.45851e-10 3.03975e-10 1.37388e-10 0 -1
8 12 -2.639e-10 -1.90372e-10 3.45023e-10 2.12462e-10 1.03212e-10 0 -1
9 0 -1.46113e-10 -2.15774e-09 -1.46113e-10 3.16564e-09 7.15669e-10 0 -1
9 1 -4.15016e-10 -2.10413e-09 1.46113e-10 3.07405e-09 7.01014e-10 0 -1
9 2 -6.21755e-10 -1.95331e-09 4.15016e-10 2.81949e-09 6.59438e-10 0 -1
9 3 -7.46523e-10 -1.73158e-09 6.21755e-10 2.45363e-09 5.97284e-10 0 -1
9 4 -7.90265e-10 -1.47258e-09 7.46523e-10 2.03917e-09 5.22852e-10 0 -1
9 5 -7.68537e-10 -1.20787e-09 7.90265e-10 1.63041e-09 4.44265e-10 0 -1
9 6 -7.0283e-10 -9.60936e-10 7.68537e-10 1.26324e-09 3.68009e-10 0 -1
9 7 -6.13707e-10 -7.45428e-10 7.0283e-10 9.54693e-10 2.98388e-10 0 -1
9 8 -5.17217e-10 -5.66524e-10 6.13707e-10 7.07695e-10 2.37661e-10 0 -1
9 9 -4.24051e-10 -4.23551e-10 5.17217e-10 5.16896e-10 1.86512e-10 0 -1
9 10 -3.40231e-10 -3.12573e-10 4.24051e-10 3.73341e-10 1.44588e-10 0 -1
9 11 -2.68356e-10 -2.28337e-10 3.40231e-10 2.67415e-10 1.10953e-10 0 -1
9 12 -2.08812e-10 -1.65489e-10 2.68356e-10 1.90372e-10 8.44271e-11 0 -1
10 0 -9.00193e-11 -1.48379e-09 -9.00193e-11 2.15774e-09 4.93909e-10 0 -1
10 1 -2.57589e-10 -1.45155e-09 9.00193e-11 2.10413e-09 4.85015e-10 0 -1
10 2 -3.91322e-10 -1.36e-09 2.57589e-10 1.95331e-09 4.59573e-10 0 -1
10 3 -4.78865e-10 -1.2231e-09 3.91322e-10 1.73158e-09 4.20943e-10 0 -1
10 4 -5.18391e-10 -1.05935e-09 4.78865e-10 1.47258e-09 3.737e-10 0 -1
10 5 -5.16445e-10 -8.8723e-10 5.18391e-10 1.20787e-09 3.22585e-10 0 -1
10 6 -4.84036e-10 -7.21666e-10 5.16445e-10 9.60936e-10 2.71679e-10 0 -1
10 7 -4.3295e-10 -5.72541e-10 4.84036e-10 7.45428e-10 2.23973e-10 0 -1
10 8 -3.73351e-10 -4.44826e-10 4.3295e-10 5.66524e-10 1.81297e-10 0 -1
10 9 -3.12753e-10 -3.39663e-10 3.73351e-10 4.23551e-10 1.44486e-10 0 -1
10 10 -2.5598e-10 -2.55706e-10 3.12753e-10 3.12573e-10 1.1364e-10 0 -1
10 11 -2.05634e-10 -1.90296e-10 2.5598e-10 2.28337e-10 8.83871e-11 0 -1
10 12 -1.62712e-10 -1.40312e-10 2.05634e-10 1.65489e-10 6.80993e-11 0 -1
11 0 -5.64587e-11 -1.02724e-09 -5.64587e-11 1.48379e-09 3.43637e-10 0 -1
11 1 -1.62479e-10 -1.00743e-09 5.64587e-11 1.45155e-09 3.381e-10 0 -1
11 2 -2.49529e-10 -9.5079e-10 1.62479e-10 1.36e-09 3.22164e-10 0 -1
11 3 -3.09989e-10 -8.64948e-10 2.49529e-10 1.2231e-09 2.97687e-10 0 -1
11 4 -3.41717e-10 -7.6035e-10 3.09989e-10 1.05935e-09 2.67272e-10 0 -1
11 5 -3.47327e-10 -6.47888e-10 3.41717e-10 8.8723e-10 2.33732e-10 0 -1
11 6 -3.32416e-10 -5.36952e-10 3.47327e-10 7.21666e-10 1.99625e-10 0 -1
11 7 -3.03647e-10 -4.34347e-10 3.32416e-10 5.72541e-10 1.66962e-10 0 -1
11 8 -2.67277e-10 -3.44089e-10 3.03647e-10 4.44826e-10 1.37107e-10 0 -1
11 9 -2.28339e-10 -2.6779e-10 2.67277e-10 3.39663e-10 1.10811e-10 0 -1
11 10 -1.90391e-10 -2.0532e-10 2.28339e-10 2.55706e-10 8.83339e-11 0 -1
11 11 -1.55625e-10 -1.55476e-10 1.90391e-10 1.90296e-10 6.95856e-11 0 -1
11 12 -1.25148e-10 -1.16529e-10 1.55625e-10 1.40312e-10 5.42594e-11 0 -1
12 0 -3.59214e-11 -7.14972e-10 -3.59214e-11 1.02724e-09 2.40425e-10 0 -1
12 1 -1.03844e-10 -7.02591e-10 3.59214e-11 1.00743e-09 2.36914e-10 0 -1
12 2 -1.60871e-10 -6.67001e-10 1.03844e-10 9.5079e-10 2.26762e-10 0 -1
12 3 -2.02305e-10 -6.12484e-10 1.60871e-10 8.64948e-10 2.1103e-10 0 -1
12 4 -2.26369e-10 -5.45051e-10 2.02305e-10 7.6035e-10 1.91235e-10 0 -1
12 5 -2.33991e-10 -4.71196e-10 2.26369e-10 6.47888e-10 1.6907e-10 0 -1
12 6 -2.28001e-10 -3.96802e-10 2.33991e-10 5.36952e-10 1.4614e-10 0 -1
12 7 -2.12134e-10 -3.26435e-10 2.28001e-10 4.34347e-10 1.23779e-10 0 -1
12 8 -1.90177e-10 -2.63088e-10 2.12134e-10 3.44089e-10 1.02958e-10 0 -1
12 9 -1.65402e-10 -2.08287e-10 1.90177e-10 2.6779e-10 8.4278e-11 0 -1
12 10 -1.40303e-10 -1.62396e-10 1.65402e-10 2.0532e-10 6.8023e-11 0 -1
12 11 -1.16574e-10 -1.24976e-10 1.40303e-10 1.55476e-10 5.42305e-11 0 -1
12 12 -9.52042e-11 -9.5127e-11 1.16574e-10 1.16529e-10 4.27713e-11 0 -1
