@RANGE 13
#i:
#j:
#aN:
#aE:
#aS:
#aW:
#ath:
#ameas:
#sig_ameas:
#end
0 0 -5.19139e-07 -3.24605e-07 -5.19139e-07 -3.24605e-07 -1.68749e-06 -1.68992e-06 8.73048e-09
0 1 -8.87683e-08 -8.76368e-08 5.19139e-07 -8.76368e-08 2.55097e-07 2.55372e-07 1.64013e-09
0 2 -3.24696e-08 -1.31551e-08 8.87683e-08 -1.31551e-08 2.99885e-08 3.11477e-08 1.93935e-09
0 3 -1.60622e-08 -3.7947e-09 3.24696e-08 -3.7947e-09 8.81795e-09 8.9287e-09 1.80867e-09
0 4 -9.15322e-09 -1.51752e-09 1.60622e-08 -1.51752e-09 3.87395e-09 3.59909e-09 1.78545e-09
0 5 -5.62754e-09 -7.19775e-10 9.15322e-09 -7.19775e-10 2.08613e-09 2.05892e-09 1.71891e-09
0 6 -3.61663e-09 -3.77318e-10 5.62754e-09 -3.77318e-10 1.25628e-09 8.62014e-10 1.56065e-09
0 7 -2.38916e-09 -2.10804e-10 3.61663e-09 -2.10804e-10 8.05859e-10 5.71623e-11 1.42022e-09
0 8 -1.60709e-09 -1.22977e-10 2.38916e-09 -1.22977e-10 5.36118e-10 1.54221e-09 -1
0 9 -1.09463e-09 -7.3996e-11 1.60709e-09 -7.3996e-11 3.64467e-10 1.55846e-09 -1
0 10 -7.52388e-10 -4.55677e-11 1.09463e-09 -4.55677e-11 2.51106e-10 5.3445e-10 -1
0 11 -5.20735e-10 -2.85716e-11 7.52388e-10 -2.85716e-11 1.7451e-10 4.3805e-10 -1
0 12 -3.6238e-10 -1.8176e-11 5.20735e-10 -1.8176e-11 1.22002e-10 5.57443e-10 -1
1 0 -8.36421e-08 -7.90898e-08 -8.36421e-08 3.24605e-07 7.82308e-08 7.92897e-08 2.22456e-09
1 1 -5.36498e-08 -5.09674e-08 8.36421e-08 8.76368e-08 6.66617e-08 6.15284e-08 1.40099e-09
1 2 -2.60866e-08 -2.02742e-08 5.36498e-08 1.31551e-08 2.04441e-08 2.07612e-08 1.38988e-09
1 3 -1.42139e-08 -8.17405e-09 2.60866e-08 3.7947e-09 7.49338e-09 8.10138e-09 1.44579e-09
1 4 -8.45332e-09 -3.72977e-09 1.42139e-08 1.51752e-09 3.54832e-09 2.93161e-09 1.13052e-09
1 5 -5.31482e-09 -1.88461e-09 8.45332e-09 7.19775e-10 1.97367e-09 1.24419e-09 1.20972e-09
1 6 -3.46106e-09 -1.02317e-09 5.31482e-09 3.77318e-10 1.20791e-09 1.28803e-09 1.49976e-09
1 7 -2.30594e-09 -5.84084e-10 3.46106e-09 2.10804e-10 7.81838e-10 6.58018e-10 1.36156e-09
1 8 -1.56024e-09 -3.45657e-10 2.30594e-09 1.22977e-10 5.23017e-10 5.21905e-09 -1
1 9 -1.06726e-09 -2.10101e-10 1.56024e-09 7.3996e-11 3.56873e-10 2.47625e-10 -1
1 10 -7.35951e-10 -1.30357e-10 1.06726e-09 4.55677e-11 2.46524e-10 5.74823e-10 -1
1 11 -5.10645e-10 -8.2208e-11 7.35951e-10 2.85716e-11 1.71669e-10 1.12761e-09 -1
1 12 -3.56079e-10 -5.25364e-11 5.10645e-10 1.8176e-11 1.20205e-10 1.57932e-09 -1
2 0 -1.25017e-08 -3.09716e-08 -1.25017e-08 7.90898e-08 2.31148e-08 2.75444e-08 1.6923e-09
2 1 -2.02106e-08 -2.52408e-08 1.25017e-08 5.09674e-08 1.80178e-08 1.9711e-08 1.30724e-09
2 2 -1.5396e-08 -1.52264e-08 2.02106e-08 2.02742e-08 9.86235e-09 1.07393e-08 1.25935e-09
2 3 -1.02793e-08 -8.21145e-09 1.5396e-08 8.17405e-09 5.07938e-09 5.68516e-09 1.5531e-09
2 4 -6.77595e-09 -4.41804e-09 1.02793e-08 3.72977e-09 2.81505e-09 2.60678e-09 1.41747e-09
2 5 -4.51469e-09 -2.45356e-09 6.77595e-09 1.88461e-09 1.69231e-09 2.12727e-09 1.12528e-09
2 6 -3.04705e-09 -1.41106e-09 4.51469e-09 1.02317e-09 1.07975e-09 1.49906e-09 9.59847e-10
2 7 -2.07878e-09 -8.36309e-10 3.04705e-09 5.84084e-10 7.16039e-10 2.9556e-10 1.16918e-09
2 8 -1.43014e-09 -5.07898e-10 2.07878e-09 3.45657e-10 4.86397e-10 0 -1
2 9 -9.90322e-10 -3.14555e-10 1.43014e-09 2.10101e-10 3.35369e-10 0 -1
2 10 -6.89307e-10 -1.97939e-10 9.90322e-10 1.30357e-10 2.33433e-10 0 -1
2 11 -4.81812e-10 -1.26205e-10 6.89307e-10 8.2208e-11 1.63498e-10 0 -1
2 12 -3.37972e-10 -8.13632e-11 4.81812e-10 5.25364e-11 1.15013e-10 0 -1
3 0 -3.69773e-09 -1.56512e-08 -3.69773e-09 3.09716e-08 7.92495e-09 9.09673e-09 1.4261e-09
3 1 -8.08129e-09 -1.39141e-08 3.69773e-09 2.52408e-08 6.94309e-09 7.20672e-09 1.16212e-09
3 2 -8.20944e-09 -1.01558e-08 8.08129e-09 1.52264e-08 4.94246e-09 5.27276e-09 9.88444e-10
3 3 -6.62192e-09 -6.59177e-09 8.20944e-09 8.21145e-09 3.20721e-09 2.95255e-09 1.18994e-09
3 4 -4.90736e-09 -4.07166e-09 6.62192e-09 4.41804e-09 2.06094e-09 1.88018e-09 1.05302e-09
3 5 -3.52183e-09 -2.48636e-09 4.90736e-09 2.45356e-09 1.35273e-09 7.17483e-10 1.22483e-09
3 6 -2.49706e-09 -1.52601e-09 3.52183e-09 1.41106e-09 9.09819e-10 5.6745e-10 1.36776e-09
3 7 -1.76298e-09 -9.46717e-10 2.49706e-09 8.36309e-10 6.23669e-10 2.35566e-10 1.266e-09
3 8 -1.24344e-09 -5.94337e-10 1.76298e-09 5.07898e-10 4.33103e-10 0 -1
3 9 -8.77319e-10 -3.77359e-10 1.24344e-09 3.14555e-10 3.03319e-10 0 -1
3 10 -6.19599e-10 -2.42064e-10 8.77319e-10 1.97939e-10 2.13595e-10 0 -1
3 11 -4.38134e-10 -1.56705e-10 6.19599e-10 1.26205e-10 1.50965e-10 0 -1
3 12 -3.10246e-10 -1.02278e-10 4.38134e-10 8.13632e-11 1.06974e-10 0 -1
4 0 -1.49387e-09 -8.99945e-09 -1.49387e-09 1.56512e-08 3.66401e-09 4.18046e-09 1.3091e-09
4 1 -3.69173e-09 -8.32717e-09 1.49387e-09 1.39141e-08 3.38909e-09 3.91803e-09 1.07351e-09
4 2 -4.40033e-09 -6.70427e-09 3.69173e-09 1.01558e-08 2.74296e-09 2.58855e-09 1.13329e-09
4 3 -4.07278e-09 -4.87762e-09 4.40033e-09 6.59177e-09 2.0417e-09 1.83469e-09 1.35837e-09
4 4 -3.34517e-09 -3.33635e-09 4.07278e-09 4.07166e-09 1.46293e-09 1.21471e-09 9.87235e-10
4 5 -2.58526e-09 -2.20982e-09 3.34517e-09 2.48636e-09 1.03645e-09 4.5534e-10 1.14443e-09
4 6 -1.93389e-09 -1.44321e-09 2.58526e-09 1.52601e-09 7.34178e-10 2.50705e-10 1.3087e-09
4 7 -1.42047e-09 -9.38627e-10 1.93389e-09 9.46717e-10 5.21518e-10 6.02697e-10 1.39692e-09
4 8 -1.03232e-09 -6.11021e-10 1.42047e-09 5.94337e-10 3.7146e-10 0 -1
4 9 -7.45493e-10 -3.99104e-10 1.03232e-09 3.77359e-10 2.65083e-10 0 -1
4 10 -5.36309e-10 -2.61853e-10 7.45493e-10 2.42064e-10 1.89396e-10 0 -1
4 11 -3.84953e-10 -1.72643e-10 5.36309e-10 1.56705e-10 1.35418e-10 0 -1
4 12 -2.75971e-10 -1.14389e-10 3.84953e-10 1.02278e-10 9.68714e-11 0 -1
5 0 -7.11979e-10 -5.55794e-09 -7.11979e-10 8.99945e-09 2.01755e-09 2.25581e-09 1.71103e-09
5 1 -1.86887e-09 -5.25402e-09 7.11979e-10 8.32717e-09 1.91626e-09 1.76483e-09 1.35961e-09
5 2 -2.44156e-09 -4.47356e-09 1.86887e-09 6.70427e-09 1.65801e-09 9.90193e-10 1.31004e-09
5 3 -2.48188e-09 -3.49957e-09 2.44156e-09 4.87762e-09 1.33774e-09 1.62597e-09 1.90775e-09
5 4 -2.21076e-09 -2.5754e-09 2.48188e-09 3.33635e-09 1.03206e-09 8.92813e-10 8.60886e-10
5 5 -1.82405e-09 -1.82063e-09 2.21076e-09 2.20982e-09 7.75899e-10 6.59966e-10 8.7e-10
5 6 -1.43655e-09 -1.25575e-09 1.82405e-09 1.44321e-09 5.7496e-10 7.29982e-10 1.323e-09
5 7 -1.09871e-09 -8.53962e-10 1.43655e-09 9.38627e-10 4.22502e-10 6.67239e-10 9.79297e-10
5 8 -8.2451e-10 -5.76411e-10 1.09871e-09 6.11021e-10 3.08815e-10 0 -1
5 9 -6.10963e-10 -3.87779e-10 8.2451e-10 3.99104e-10 2.24872e-10 0 -1
5 10 -4.48856e-10 -2.60674e-10 6.10963e-10 2.61853e-10 1.63285e-10 0 -1
5 11 -3.27824e-10 -1.75366e-10 4.48856e-10 1.72643e-10 1.18308e-10 0 -1
5 12 -2.38458e-10 -1.18178e-10 3.27824e-10 1.14389e-10 8.55763e-11 0 -1
6 0 -3.74199e-10 -3.58088e-09 -3.74199e-10 5.55794e-09 1.22866e-09 6.89137e-10 1.69523e-09
6 1 -1.01606e-09 -3.42866e-09 3.74199e-10 5.25402e-09 1.1835e-09 1.05589e-09 1.13321e-09
6 2 -1.40417e-09 -3.02271e-09 1.01606e-09 4.47356e-09 1.06274e-09 1.27016e-09 1.00516e-09
6 3 -1.52183e-09 -2.48161e-09 1.40417e-09 3.49957e-09 9.00297e-10 6.89147e-10 1.30203e-09
6 4 -1.44189e-09 -1.92544e-09 1.52183e-09 2.5754e-09 7.29912e-10 5.11944e-10 1.40508e-09
6 5 -1.25636e-09 -1.43254e-09 1.44189e-09 1.82063e-09 5.73612e-10 5.07367e-10 1.49997e-09
6 6 -1.03627e-09 -1.03471e-09 1.25636e-09 1.25575e-09 4.41124e-10 3.09931e-10 1.62282e-09
6 7 -8.23689e-10 -7.3243e-10 1.03627e-09 8.53962e-10 3.34117e-10 -3.48915e-10 1.28336e-09
6 8 -6.38192e-10 -5.11601e-10 8.23689e-10 5.76411e-10 2.50306e-10 0 -1
6 9 -4.85648e-10 -3.54328e-10 6.38192e-10 3.87779e-10 1.85995e-10 0 -1
6 10 -3.64833e-10 -2.44137e-10 4.85648e-10 2.60674e-10 1.37352e-10 0 -1
6 11 -2.71523e-10 -1.67732e-10 3.64833e-10 1.75366e-10 1.00945e-10 0 -1
6 12 -2.00702e-10 -1.15089e-10 2.71523e-10 1.18178e-10 7.39101e-11 0 -1
7 0 -2.0938e-10 -2.36911e-09 -2.0938e-10 3.58088e-09 7.93013e-10 1.56283e-09 1.42358e-09
7 1 -5.80596e-10 -2.28733e-09 2.0938e-10 3.42866e-09 7.70107e-10 8.69726e-10 1.91163e-09
7 2 -8.32415e-10 -2.06383e-09 5.80596e-10 3.02271e-09 7.07056e-10 5.37848e-10 1.33807e-09
7 3 -9.43735e-10 -1.75246e-09 8.32415e-10 2.48161e-09 6.17831e-10 8.55675e-11 1.51855e-09
7 4 -9.37018e-10 -1.41388e-09 9.43735e-10 1.92544e-09 5.18276e-10 -2.87821e-10 1.47454e-09
7 5 -8.53551e-10 -1.09501e-09 9.37018e-10 1.43254e-09 4.20999e-10 4.90212e-10 1.08611e-09
7 6 -7.32811e-10 -8.21834e-10 8.53551e-10 1.03471e-09 3.33615e-10 -6.16623e-10 9.28572e-10
7 7 -6.03314e-10 -6.02523e-10 7.32811e-10 7.3243e-10 2.59404e-10 2.82515e-10 1.26934e-09
7 8 -4.81882e-10 -4.3425e-10 6.03314e-10 5.11601e-10 1.98783e-10 0 -1
7 9 -3.76432e-10 -3.09164e-10 4.81882e-10 3.54328e-10 1.50613e-10 0 -1
7 10 -2.89239e-10 -2.18222e-10 3.76432e-10 2.44137e-10 1.13108e-10 0 -1
7 11 -2.195e-10 -1.53122e-10 2.89239e-10 1.67732e-10 8.43486e-11 0 -1
7 12 -1.65017e-10 -1.07022e-10 2.195e-10 1.15089e-10 6.25508e-11 0 -1
8 0 -1.22262e-10 -1.59511e-09 -1.22262e-10 2.36911e-09 5.29483e-10 0 -1
8 1 -3.43821e-10 -1.54894e-09 1.22262e-10 2.28733e-09 5.16828e-10 0 -1
8 2 -5.05653e-10 -1.42064e-09 3.43821e-10 2.06383e-09 4.81357e-10 0 -1
8 3 -5.92358e-10 -1.23626e-09 5.05653e-10 1.75246e-09 4.29492e-10 0 -1
8 4 -6.09672e-10 -1.0274e-09 5.92358e-10 1.41388e-09 3.69169e-10 0 -1
8 5 -5.75741e-10 -8.21415e-10 6.09672e-10 1.09501e-09 3.0753e-10 0 -1
8 6 -5.11474e-10 -6.36407e-10 5.75741e-10 8.21834e-10 2.49693e-10 0 -1
8 7 -4.3448e-10 -4.80949e-10 5.11474e-10 6.02523e-10 1.98569e-10 0 -1
8 8 -3.56928e-10 -3.56507e-10 4.3448e-10 4.3425e-10 1.55296e-10 0 -1
8 9 -2.85877e-10 -2.60384e-10 3.56928e-10 3.09164e-10 1.19831e-10 0 -1
8 10 -2.24567e-10 -1.88065e-10 2.85877e-10 2.18222e-10 9.14674e-11 0 -1
8 11 -1.73779e-10 -1.34704e-10 2.24567e-10 1.53122e-10 6.92059e-11 0 -1
8 12 -1.32918e-10 -9.58942e-11 1.73779e-10 1.07022e-10 5.19889e-11 0 -1
9 0 -7.36097e-11 -1.08712e-09 -7.36097e-11 1.59511e-09 3.60763e-10 0 -1
9 1 -2.09078e-10 -1.06011e-09 7.36097e-11 1.54894e-09 3.53368e-10 0 -1
9 2 -3.13222e-10 -9.84108e-10 2.09078e-10 1.42064e-09 3.32392e-10 0 -1
9 3 -3.76067e-10 -8.7238e-10 3.13222e-10 1.23626e-09 3.01038e-10 0 -1
9 4 -3.98091e-10 -7.41874e-10 3.76067e-10 1.0274e-09 2.63498e-10 0 -1
9 5 -3.87134e-10 -6.08501e-10 3.98091e-10 8.21415e-10 2.23871e-10 0 -1
9 6 -3.54026e-10 -4.84088e-10 3.87134e-10 6.36407e-10 1.85427e-10 0 -1
9 7 -3.09126e-10 -3.75513e-10 3.54026e-10 4.80949e-10 1.50335e-10 0 -1
9 8 -2.60518e-10 -2.85383e-10 3.09126e-10 3.56507e-10 1.19731e-10 0 -1
9 9 -2.13587e-10 -2.13357e-10 2.60518e-10 2.60384e-10 9.39576e-11 0 -1
9 10 -1.71366e-10 -1.57452e-10 2.13587e-10 1.88065e-10 7.28342e-11 0 -1
9 11 -1.35163e-10 -1.15018e-10 1.71366e-10 1.34704e-10 5.58892e-11 0 -1
9 12 -1.05171e-10 -8.33595e-11 1.35163e-10 9.58942e-11 4.25262e-11 0 -1
10 0 -4.53468e-11 -7.47516e-10 -4.53468e-11 1.08712e-09 2.48914e-10 0 -1
10 1 -1.29758e-10 -7.31268e-10 4.53468e-11 1.06011e-09 2.44429e-10 0 -1
10 2 -1.97123e-10 -6.85144e-10 1.29758e-10 9.84108e-10 2.31599e-10 0 -1
10 3 -2.41217e-10 -6.16165e-10 1.97123e-10 8.7238e-10 2.12121e-10 0 -1
10 4 -2.61122e-10 -5.33666e-10 2.41217e-10 7.41874e-10 1.88303e-10 0 -1
10 5 -2.60137e-10 -4.46949e-10 2.61122e-10 6.08501e-10 1.62536e-10 0 -1
10 6 -2.43808e-10 -3.63539e-10 2.60137e-10 4.84088e-10 1.36878e-10 0 -1
10 7 -2.18073e-10 -2.88413e-10 2.43808e-10 3.75513e-10 1.12836e-10 0 -1
10 8 -1.8805e-10 -2.24074e-10 2.18073e-10 2.85383e-10 9.13317e-11 0 -1
10 9 -1.57526e-10 -1.71097e-10 1.8805e-10 2.13357e-10 7.27843e-11 0 -1
10 10 -1.2893e-10 -1.28804e-10 1.57526e-10 1.57452e-10 5.72437e-11 0 -1
10 11 -1.03571e-10 -9.58551e-11 1.2893e-10 1.15018e-10 4.45217e-11 0 -1
10 12 -8.19519e-11 -7.06767e-11 1.03571e-10 8.33595e-11 3.43017e-11 0 -1
11 0 -2.84392e-11 -5.17483e-10 -2.84392e-11 7.47516e-10 1.73154e-10 0 -1
11 1 -8.18431e-11 -5.07502e-10 2.84392e-11 7.31268e-10 1.70363e-10 0 -1
11 2 -1.25691e-10 -4.78967e-10 8.18431e-11 6.85144e-10 1.62329e-10 0 -1
11 3 -1.56143e-10 -4.35721e-10 1.25691e-10 6.16165e-10 1.49991e-10 0 -1
11 4 -1.72123e-10 -3.83025e-10 1.56143e-10 5.33666e-10 1.34661e-10 0 -1
11 5 -1.74946e-10 -3.26369e-10 1.72123e-10 4.46949e-10 1.17758e-10 0 -1
11 6 -1.67433e-10 -2.70482e-10 1.74946e-10 3.63539e-10 1.00569e-10 0 -1
11 7 -1.52941e-10 -2.18794e-10 1.67433e-10 2.88413e-10 8.41107e-11 0 -1
11 8 -1.34621e-10 -1.73326e-10 1.52941e-10 2.24074e-10 6.90678e-11 0 -1
11 9 -1.15008e-10 -1.34891e-10 1.34621e-10 1.71097e-10 5.58194e-11 0 -1
11 10 -9.58933e-11 -1.03423e-10 1.15008e-10 1.28804e-10 4.44956e-11 0 -1
11 11 -7.83822e-11 -7.83153e-11 9.58933e-11 9.58551e-11 3.50508e-11 0 -1
11 12 -6.3032e-11 -5.86965e-11 7.83822e-11 7.06767e-11 2.73304e-11 0 -1
12 0 -1.80935e-11 -3.60162e-10 -1.80935e-11 5.17483e-10 1.21134e-10 0 -1
12 1 -5.23058e-11 -3.53925e-10 1.80935e-11 5.07502e-10 1.19364e-10 0 -1
12 2 -8.10294e-11 -3.35996e-10 5.23058e-11 4.78967e-10 1.14248e-10 0 -1
12 3 -1.01899e-10 -3.08532e-10 8.10294e-11 4.35721e-10 1.0632e-10 0 -1
12 4 -1.14019e-10 -2.74561e-10 1.01899e-10 3.83025e-10 9.63439e-11 0 -1
12 5 -1.17857e-10 -2.37356e-10 1.14019e-10 3.26369e-10 8.51745e-11 0 -1
12 6 -1.14839e-10 -1.9988e-10 1.17857e-10 2.70482e-10 7.36207e-11 0 -1
12 7 -1.06846e-10 -1.64433e-10 1.14839e-10 2.18794e-10 6.23541e-11 0 -1
12 8 -9.57863e-11 -1.32522e-10 1.06846e-10 1.73326e-10 5.18638e-11 0 -1
12 9 -8.3307e-11 -1.04917e-10 9.57863e-11 1.34891e-10 4.2453e-11 0 -1
12 10 -7.06654e-11 -8.18005e-11 8.3307e-11 1.03423e-10 3.42642e-11 0 -1
12 11 -5.87133e-11 -6.29512e-11 7.06654e-11 7.83153e-11 2.73162e-11 0 -1
12 12 -4.79501e-11 -4.7916e-11 5.87133e-11 5.86965e-11 2.15437e-11 0 -1
