@RANGE 8
#i:
#j:
#aN:
#aE:
#aS:
#aW:
#ath:
#ameas:
#sig_ameas:
#end
0 0 -6.85363e-07 -3.89867e-07 -6.85363e-07 -3.89867e-07 -2.15046e-06 -1.80926e-06 0.00845873
0 1 -1.29726e-07 -1.49802e-07 6.85363e-07 -1.49802e-07 2.56033e-07 2.56035e-07 1.37168e-05
0 2 -5.35321e-08 -2.15248e-08 1.29726e-07 -2.15248e-08 3.31449e-08 3.34209e-08 1.48946e-05
0 3 -2.77141e-08 -6.56996e-09 5.35321e-08 -6.56996e-09 1.26781e-08 1.23165e-08 2.0113e-05
0 4 -1.61098e-08 -2.68694e-09 2.77141e-08 -2.68694e-09 6.23037e-09 3.59721e-09 1.547e-05
0 5 -1.0002e-08 -1.2872e-09 1.61098e-08 -1.2872e-09 3.53338e-09 5.59046e-09 1.32286e-05
0 6 -6.46188e-09 -6.78072e-10 1.0002e-08 -6.78072e-10 2.18401e-09 1.8684e-09 1.4452e-05
0 7 -4.28163e-09 -3.79806e-10 6.46188e-09 -3.79806e-10 1.42063e-09 2.60886e-09 1.46355e-05
1 0 -7.84485e-08 -1.13892e-07 -7.84485e-08 3.89867e-07 1.19078e-07 1.16399e-07 0.000151395
1 1 -8.05738e-08 -7.87823e-08 7.84485e-08 1.49802e-07 6.88941e-08 6.91128e-08 1.63238e-05
1 2 -4.32829e-08 -3.3912e-08 8.05738e-08 2.15248e-08 2.49037e-08 2.48048e-08 1.44526e-05
1 3 -2.45659e-08 -1.42189e-08 4.32829e-08 6.56996e-09 1.1068e-08 1.15251e-08 1.64909e-05
1 4 -1.4885e-08 -6.60993e-09 2.45659e-08 2.68694e-09 5.75788e-09 4.13319e-09 1.42104e-05
1 5 -9.4473e-09 -3.37042e-09 1.4885e-08 1.2872e-09 3.35451e-09 2.61807e-09 1.32767e-05
1 6 -6.18389e-09 -1.83841e-09 9.4473e-09 6.78072e-10 2.10307e-09 2.33904e-09 1.35892e-05
1 7 -4.13231e-09 -1.05213e-09 6.18389e-09 3.79806e-10 1.37924e-09 8.55171e-10 1.17901e-05
2 0 -1.7801e-08 -5.02703e-08 -1.7801e-08 1.13892e-07 2.80193e-08 3.62199e-08 0.00013855
2 1 -3.20003e-08 -4.17516e-08 1.7801e-08 7.87823e-08 2.28314e-08 2.23377e-08 1.94256e-05
2 2 -2.59274e-08 -2.60324e-08 3.20003e-08 3.3912e-08 1.39525e-08 1.35728e-08 1.74061e-05
2 3 -1.7845e-08 -1.43776e-08 2.59274e-08 1.42189e-08 7.92374e-09 5.59795e-09 1.42058e-05
2 4 -1.19478e-08 -7.84282e-09 1.7845e-08 6.60993e-09 4.66431e-09 3.07831e-09 1.43595e-05
2 5 -8.02793e-09 -4.3888e-09 1.19478e-08 3.37042e-09 2.90154e-09 4.00257e-09 1.35042e-05
2 6 -5.4442e-09 -2.53478e-09 8.02793e-09 1.83841e-09 1.88736e-09 4.09628e-09 1.43328e-05
2 7 -3.72482e-09 -1.50598e-09 5.4442e-09 1.05213e-09 1.26555e-09 2.91116e-09 1.28723e-05
3 0 -5.96779e-09 -2.66892e-08 -5.96779e-09 5.02703e-08 1.16455e-08 1.44207e-08 0.000114507
3 1 -1.34393e-08 -2.38802e-08 5.96779e-09 4.17516e-08 1.03999e-08 1.00239e-08 2.1057e-05
3 2 -1.4061e-08 -1.76718e-08 1.34393e-08 2.60324e-08 7.73882e-09 8.48828e-09 1.81024e-05
3 3 -1.15646e-08 -1.16197e-08 1.4061e-08 1.43776e-08 5.2543e-09 5.22413e-09 1.34875e-05
3 4 -8.67097e-09 -7.24372e-09 1.15646e-08 7.84282e-09 3.4927e-09 3.79516e-09 1.46554e-05
3 5 -6.26634e-09 -4.44943e-09 8.67097e-09 4.3888e-09 2.34399e-09 2.07757e-09 1.29638e-05
3 6 -4.46182e-09 -2.74078e-09 6.26634e-09 2.53478e-09 1.59851e-09 1.57418e-09 1.1962e-05
3 7 -3.15851e-09 -1.70416e-09 4.46182e-09 1.50598e-09 1.10513e-09 3.4646e-09 1.26721e-05
4 0 -2.53183e-09 -1.56989e-08 -2.53183e-09 2.66892e-08 5.92667e-09 7.67532e-09 0.000100588
4 1 -6.32431e-09 -1.45647e-08 2.53183e-09 2.38802e-08 5.52309e-09 6.39481e-09 1.98394e-05
4 2 -7.64267e-09 -1.18005e-08 6.32431e-09 1.76718e-08 4.55291e-09 4.11364e-09 1.58807e-05
4 3 -7.15526e-09 -8.64585e-09 7.64267e-09 1.16197e-08 3.46128e-09 4.18195e-09 1.29972e-05
4 4 -5.92477e-09 -5.94866e-09 7.15526e-09 7.24372e-09 2.52555e-09 1.5403e-09 1.50091e-05
4 5 -4.60369e-09 -3.95698e-09 5.92477e-09 4.44943e-09 1.81354e-09 1.28785e-09 1.39557e-05
4 6 -3.45606e-09 -2.59186e-09 4.60369e-09 2.74078e-09 1.29655e-09 3.5728e-09 1.20394e-05
4 7 -2.54454e-09 -1.68903e-09 3.45606e-09 1.70416e-09 9.26645e-10 -2.60742e-10 1.16003e-05
5 0 -1.2345e-09 -9.80847e-09 -1.2345e-09 1.56989e-08 3.42144e-09 6.0994e-09 9.6602e-05
5 1 -3.25541e-09 -9.28379e-09 1.2345e-09 1.45647e-08 3.25996e-09 3.76474e-09 1.82539e-05
5 2 -4.28217e-09 -7.9301e-09 3.25541e-09 1.18005e-08 2.84369e-09 2.73172e-09 1.62074e-05
5 3 -4.382e-09 -6.22815e-09 4.28217e-09 8.64585e-09 2.31787e-09 4.01926e-09 1.49732e-05
5 4 -3.92449e-09 -4.60055e-09 4.382e-09 5.94866e-09 1.80562e-09 2.96334e-09 1.43109e-05
5 5 -3.25108e-09 -3.26218e-09 3.92449e-09 3.95698e-09 1.36821e-09 2.18849e-09 1.29158e-05
5 6 -2.56782e-09 -2.25524e-09 3.25108e-09 2.59186e-09 1.01988e-09 1.12543e-09 1.31575e-05
5 7 -1.96799e-09 -1.53627e-09 2.56782e-09 1.68903e-09 7.52594e-10 1.8504e-09 1.30727e-05
6 0 -6.56615e-10 -6.35985e-09 -6.56615e-10 9.80847e-09 2.13539e-09 2.83831e-10 9.17782e-05
6 1 -1.78697e-09 -6.09355e-09 6.56615e-10 9.28379e-09 2.05988e-09 1.54142e-09 1.56202e-05
6 2 -2.47861e-09 -5.38163e-09 1.78697e-09 7.9301e-09 1.85683e-09 4.99662e-09 1.65431e-05
6 3 -2.69703e-09 -4.42869e-09 2.47861e-09 6.22815e-09 1.58105e-09 7.07474e-10 1.50681e-05
6 4 -2.56456e-09 -3.44449e-09 2.69703e-09 4.60055e-09 1.28853e-09 2.04912e-09 1.44125e-05
6 5 -2.24117e-09 -2.5683e-09 2.56456e-09 3.26218e-09 1.01727e-09 6.93055e-10 1.32423e-05
6 6 -1.85281e-09 -1.85839e-09 2.24117e-09 2.25524e-09 7.85206e-10 4.80663e-10 1.30081e-05
6 7 -1.4753e-09 -1.31737e-09 1.85281e-09 1.53627e-09 5.96406e-10 1.53973e-09 1.23164e-05
7 0 -3.69898e-10 -4.22333e-09 -3.69898e-10 6.35985e-09 1.39672e-09 1.73844e-09 8.16815e-05
7 1 -1.02698e-09 -4.07914e-09 3.69898e-10 6.09355e-09 1.35733e-09 3.53754e-09 1.7479e-05
7 2 -1.47553e-09 -3.68448e-09 1.02698e-09 5.38163e-09 1.2486e-09 3.71799e-09 1.57752e-05
7 3 -1.67702e-09 -3.13326e-09 1.47553e-09 4.42869e-09 1.09395e-09 -4.79931e-10 1.60213e-05
7 4 -1.66915e-09 -2.53205e-09 1.67702e-09 3.44449e-09 9.20314e-10 6.48798e-10 1.28133e-05
7 5 -1.52375e-09 -1.9641e-09 1.66915e-09 2.5683e-09 7.49597e-10 5.47638e-10 1.20436e-05
7 6 -1.31057e-09 -1.47619e-09 1.52375e-09 1.85839e-09 5.9538e-10 1.21651e-09 1.18763e-05
7 7 -1.08057e-09 -1.08357e-09 1.31057e-09 1.31737e-09 4.63807e-10 2.28168e-09 1.23149e-05
